Metabolite_name	RefMet_name	109530_1	109530_2	109530_3	109530_4	109530_5	101304_1	101304_2	109527_2	109527_3	109528_2
Factors	-	Genotype:HET	Genotype:HET	Genotype:HET	Genotype:HET	Genotype:HET	Genotype:WT	Genotype:WT	Genotype:WT	Genotype:WT	Genotype:WT
11-Deoxycortisol	11-Deoxycortisol	20706	14136	16222	26219	28875	35779	43933	21158	15965	38122
1-DeoxyCer 18:0;O2/24:1	1-DeoxyCer 18:0;O/24:1	8548	5861	4605	8478	5787	4790	8696	8572	5518	6258
1-Methyladenosine	1-Methyladenosine	51726	46657	47683	45847	46700	41055	54963	43730	47908	48590
1-Methylguanine	1-Methylguanine	2216	1688	1502	2162	2340	1179	1725	1957	3149	1894
1-Methylhistamine	1-Methylhistamine	51287	27426	37469	50237	62135	110720	157865	64724	49592	72186
1-Methyl nicotinamide	1-Methyl nicotinamide	29817	24133	31049	24146	29574	12919	13647	25433	27700	28876
2-Aminooctanoic acid	2-Aminocaprylic acid	768	1139	1095	1931	756	1158	1183	912	1775	1124
2-Methylguanosine	2-Methylguanosine	12366	10550	9800	11957	13550	7997	10255	10664	12646	10261
3^_5^ cyclic AMP	3',5' cyclic AMP	36055	44027	43026	34237	31575	58400	51178	31708	25542	52083
3-Dehydroxycarnitine	3-Dehydroxycarnitine	1491699	1342766	1413294	1310683	1417957	1402503	1792673	1562448	1184437	1520342
3-Methoxytyramine	3-Methoxytyramine	17161	6570	13217	9951	8345	2818	7518	3234	17036	6617
3-Methylhistidine	3-Methylhistidine	28311	21214	29657	48443	23958	18016	21926	19780	20849	27248
4-Guanidinobutanoic acid	4-Guanidinobutanoic acid	47836	45658	47104	43234	48814	32930	57341	44583	48421	43516
5-Methylcytidine	5-Methylcytidine	11534	9511	10506	9080	22280	9187	11704	12087	10085	10398
5-Methylcytosine	5-Methylcytosine	387	301	258	283	297	356	349	271	242	265
5^-Methylthioadenosine	5'-Methylthioadenosine	653933	737759	775905	796019	965081	852950	1019205	900654	724538	828374
7alpha-Hydroxy-4-cholesten-3-one	7alpha-Hydroxy-4-cholesten-3-one	28587	14948	41977	24262	27330	22022	30352	26088	41985	27083
7-Methylguanine	7-Methylguanine	23790	21468	22565	22570	24865	17233	23302	22663	27085	25413
Acetylcholine	Acetylcholine	889983	517734	451247	748735	692809	668740	774709	519895	821869	587093
Adenosine	Adenosine	4875969	4560558	11224520	6917795	5663118	10273111	11175130	7130818	7122478	8019787
Agmatine	Agmatine	310321	225179	212736	258861	356549	365647	349946	368078	359862	349937
AICAR	AICAR	456028	700479	392254	610940	396614	399999	538415	615764	697033	503426
Ala-Ala	Ala-Ala	6828	6708	7682	7170	7539	7637	12420	7292	7992	8936
Ala-His	Ala-His	130819	94497	104771	185423	123903	105500	157298	127749	149013	152816
Ala-Lys	Ala-Lys	3097	2331	1927	1112	2623	1763	2839	2530	652	2782
Alanine	Alanine	103763	86167	100985	98112	107932	109119	120260	99816	85383	104245
Ala-Thr	Ala-Thr	6431	5466	6070	7143	6196	5098	6308	6002	7030	6117
Allantoin	Allantoin	15063558	12827120	12865698	10607769	15065932	8288336	9485970	12797151	11354454	12717441
Alloisoleucine	Alloisoleucine	9781	8611	8868	7193	9676	8155	10875	9978	8573	9493
Anserine	Anserine	3006838	2074188	2817589	3212974	3055338	2455603	3067338	2962897	2967245	2998478
Arachidonoyl-EA	Arachidonoyl-EA	31335	29955	22054	16222	18727	33056	22892	19403	14869	21100
Arg-Ala	Arg-Ala	758	431	671	605	1633	660	1244	971	509	1104
Arginine	Arginine	4058524	3403404	3518175	3941148	4486331	3904328	5494364	4233272	3483688	4123530
Argininosuccinic acid	Argininosuccinic acid	176051	144850	166923	161847	168303	200345	260358	156020	109544	185192
Asparagine	Asparagine	35911	31094	35588	34868	40014	35266	45401	38068	34908	37133
Aspartic acid	Aspartic acid	333913	306918	313833	326806	336218	373804	501135	366367	279528	299999
Asp-Val	Asp-Val	2631	2504	2288	1412	2815	3022	3800	3267	2129	3079
beta-Alanine	beta-Alanine	20392	17550	18779	19823	20919	20700	25592	20863	18792	21132
Betaine	Betaine	1393936	1183341	1347926	1226981	1342866	1042319	1508365	1082497	1171433	1376747
Bilirubin	Bilirubin	153325	136138	116034	194368	136808	183467	218352	166471	160230	182635
Biliverdin	Biliverdin	51233	36150	101244	60140	120413	72278	121314	71241	71201	257566
Biopterin	Biopterin	144730	89275	113091	124430	120678	117772	157890	89837	154695	153601
C14 Sphingosine	C14 Sphingosine	312	3058	5711	7080	446	2553	2693	1354	2890	2407
C16 Sphingosine	C16 Sphingosine	323630	206090	231258	212041	244923	297637	230868	329974	236963	245953
C17:1 anandamide	10Z-Heptadecenoyl-EA	254780	127087	187226	91985	191486	156438	106634	227710	188193	148609
C20 Sphinganine	C20 Sphinganine	24139	24234	25475	36855	30450	22477	23335	20184	26120	14368
C20 Sphingosine	C20 Sphingosine	229431	195819	233305	273288	269324	220281	290381	239684	203696	235275
Cadaverine	Cadaverine	1020	739	615	758	661	623	790	1040	536	796
CAR 12:0	CAR 12:0	1538	2475	1358	2048	1614	1409	2329	2280	445	2624
CAR 14:0	CAR 14:0	112686	97310	88629	99247	76213	91380	142318	132184	58540	142680
CAR 14:0;OH	CAR 14:0;OH	118627	111130	107940	142796	104460	96393	124845	108496	76484	142069
CAR 14:1	CAR 14:1	342	691	391	472	417	317	616	438	146	456
CAR 15:2	CAR 15:2	788	786	562	1493	715	4564	10180	2803	57	3924
CAR 16:0	CAR 16:0	132643	123679	110896	108811	75850	98100	119505	145886	77695	136628
CAR 16:0;OH	CAR 16:0;OH	3596	3640	4532	4388	2936	2682	4704	4037	2482	4870
CAR 16:1	CAR 16:1	11243	14602	12835	10292	6710	11499	11795	16383	3903	11449
CAR 18:0	CAR 18:0	58363	47158	55958	53580	45837	47591	56678	64777	40030	60665
CAR 18:0;OH	CAR 18:0;OH	2998	1447	2985	2090	2073	1845	3153	2479	1241	2261
CAR 18:1	CAR 18:1	70893	76475	61365	60614	53442	56697	79849	70565	38818	76098
CAR 18:1;OH	CAR 18:1;OH	5366	5057	4009	5484	3864	3930	6382	4711	2924	3782
CAR 2:0	CAR 2:0	4539384	4046608	5312217	4030096	4421430	5676090	8506247	5953946	3100382	7121512
CAR 20:0	CAR 20:0	5041	3697	6248	4831	4877	3218	5774	5188	2823	5064
CAR 20:1	CAR 20:1	4349	4003	6502	4053	3599	3716	5395	5146	2354	4316
CAR 20:4	CAR 20:4	23892	35908	42273	22920	26284	34173	37888	27545	20833	36900
CAR 22:0	CAR 22:0	103995	43621	67202	74022	82004	60943	125972	82626	30023	76649
CAR 22:1	CAR 22:1	117506	40085	79192	75649	83122	59817	124313	98404	24965	88577
CAR 24:0	CAR 24:0	74694	47081	36577	66550	55461	46424	124152	49978	38507	43156
CAR 24:1	CAR 24:1	85130	15626	22272	26924	45400	30738	74801	52513	10992	33764
CAR 3:0	CAR 3:0	23224	28328	31205	26400	26115	32711	28744	26336	17531	25827
CAR 4:0	CAR 4:0	7329	12397	15955	4855	9017	13124	16411	15189	8128	18795
CAR 4:0;OH	CAR 4:0;OH	30941	30392	87577	37369	46809	71783	68516	45118	45379	47840
CAR 5:0	CAR 5:0	32032	33011	31132	20569	30812	25534	41250	39961	29392	65960
CAR 5:0;OH	CAR 5:0;OH	158294	142199	142579	160753	152887	178564	220736	173538	153212	169784
CAR 5:1	CAR 5:1	1595	1345	1793	1387	1458	1570	2348	1677	1637	1832
CAR 6:0;OH	CAR 6:0;OH	5106	4506	5508	3906	4317	5281	6279	5894	3421	5096
CAR 8:0;OH	CAR 8:0;OH	179986	179939	242654	148550	182438	169778	228484	213601	154488	246808
CAR DC3:0	CAR DC3:0	5409	5065	6048	5241	5108	5107	7490	5520	3537	6382
CAR DC4:0	CAR DC4:0	2054	2640	1857	2307	1920	2115	2913	2096	1457	3109
CAR DC6:0	CAR DC6:0	3274	3422	3121	2925	3254	3446	4316	3839	1946	3217
Carnitine	Carnitine	12947291	13795426	12019205	11867311	12865341	13437131	16084933	12636161	9620141	13498563
Carnosine	Carnosine	3422	2233	2808	2314	3145	2274	5828	3459	1961	5266
Cer 18:1;O2/12:0	Cer 18:1;O2/12:0	10324	67964	88884	91585	109840	70462	76742	39980	58763	57602
Cer 18:1;O2/14:0	Cer 18:1;O2/14:0	6013	2506	5208	12720	16952	3069	5272	5450	6147	5526
Cer 18:1;O2/15:0	Cer 18:1;O2/15:0	567	9437	13274	15625	9240	8250	8341	4341	8580	7020
Cer 18:1;O2/16:0	Cer 18:1;O2/16:0	200561	178599	167399	247872	250395	156066	185539	190399	231756	162127
Cer 18:1;O2/16:1	Cer 18:1;O2/16:1	104459	57043	90993	109694	152268	91748	119734	117550	91923	105978
Cer 18:1;O2/17:0	Cer 18:1;O2/17:0	12176	11335	9645	20025	13665	12076	10110	12464	20426	8404
Cer 18:1;O2/17:1	Cer 18:1;O2/17:1	7282	3102	4062	12942	9764	4446	7116	7703	9055	6507
Cer 18:1;O2/18:0	Cer 18:1;O2/18:0	2686064	3451497	2436801	2736953	2133355	2366626	2076954	2578193	3443948	2009752
Cer 18:1;O2/18:1	Cer 18:1;O2/18:1	280240348	203471973	234922699	271156858	345625941	278079192	300940773	288522863	238790309	276982289
Cer 18:1;O2/18:2	Cer 18:1;O2/18:2	31621	24769	27956	27471	43705	27353	35271	29696	31181	36683
Cer 18:1;O2/19:1	Cer 18:1;O2/19:1	19685	14228	14549	22474	26858	21568	24280	19407	20443	20920
Cer 18:1;O2/2:0	Cer 18:1;O2/2:0	486	1590	851	766	1435	734	1067	439	878	724
Cer 18:1;O2/20:0	Cer 18:1;O2/20:0	40299	70575	39162	34443	26242	34505	35346	47690	52309	30697
Cer 18:1;O2/20:1	Cer 18:1;O2/20:1	320777	233659	247011	263719	390338	315859	360447	298934	236798	297866
Cer 18:1;O2/22:0	Cer 18:1;O2/22:0	5598	8831	4201	2697	2654	2918	1542	5384	7716	3378
Cer 18:1;O2/22:1	Cer 18:1;O2/22:1	96152	82135	71071	77768	106370	74058	95044	79394	84793	81274
Cer 18:1;O2/22:2	Cer 18:1;O2/22:2	10827	9868	7132	12833	12279	7823	10579	9081	11670	9267
Cer 18:1;O2/23:1	Cer 18:1;O2/23:1	24942	18756	17152	21046	24052	24158	26126	18126	23783	20424
Cer 18:1;O2/24:1	Cer 18:1;O2/24:1	500140	431710	363985	397360	365587	270865	343395	333590	438730	321167
Cer 18:1;O2/24:2	Cer 18:1;O2/24:2	224517	168785	157171	186632	222413	157312	203039	180970	198547	172854
Cer 18:1;O2/4:0	Cer 18:1;O2/4:0	47170	53701	23132	19100	17709	44552	25862	19946	20534	24389
Cer 18:1;O2/8:0	Cer 18:1;O2/8:0	797	1227	1051	1367	1752	1880	1653	1560	1282	1138
C-Glycosyltryptophan	C-Glycosyltryptophan	16808	13963	15409	13031	16760	14194	17744	16818	12164	16091
Choline	Choline	16792255	16340268	13718233	15779600	17004742	13815330	16851645	15478357	15657163	16140484
Choline phosphate	Choline phosphate	5785633	4932719	5139354	5087067	5588405	5043270	7193176	4914025	5040537	5342572
Creatine	Creatine	20860417	20090147	21467429	20685743	20948399	22711772	23731406	21275385	19031716	22032052
Creatinine	Creatinine	332568	389453	363494	305437	352344	319685	441620	382396	281535	380914
Cystine	Cystine	4546	5298	4525	4999	4337	3937	6642	4725	4480	5371
Cytidine	Cytidine	1230020	1265121	1162162	1134260	1254269	1117729	1213073	1393034	1298641	1325417
Cytosine	Cytosine	18723488	19008184	15190881	18434434	22709977	15412471	18372397	24026073	24699831	22802547
Deoxyadenosine	Deoxyadenosine	832	872	2183	1270	19728	2244	2093	1381	1644	1834
Deoxycytidine	Deoxycytidine	20978	19038	21255	25000	35903	14181	16796	23815	24072	27891
DG 36:2	DG 36:2	20206	15135	12915	23448	17984	17591	33366	22495	12184	21491
DG 36:3	DG 36:3	473093	304891	306371	452050	412075	379920	587477	482242	356017	503792
DG 36:4	DG 36:4	224335	147619	127568	225886	194500	208306	272006	233544	173844	215959
DG 38:5	DG 38:5	196199	144469	111450	209135	156517	161228	207463	206285	171858	184944
Diethanolamine	Diethanolamine	12803	41024	365160	331129	17316	35516	26994	19073	25165	27198
Dimethylarginine	Dimethylarginine	21782072	20606286	20122297	27765214	38411883	19607855	25609080	23601779	26282512	24377341
Ectoine	Ectoine	41300	38954	42120	19489	46984	9243	14082	35290	44817	28896
Eicosanoyl-EA	Eicosanoyl-EA	6339	6488	3314	2752	3460	5879	4225	2934	2644	3640
FAPy-adenine	FAPy-adenine	1711	1352	27186	95856	8717	5076	7587	2381	26925	5613
gamma-Aminobutyric acid	gamma-Aminobutyric acid	713929541	642972381	653858613	656440164	694957468	695646569	733626311	684705797	703228690	663766513
GlcCer 18:1;O2/18:0	GlcCer 18:1;O2/18:0	299252	333613	264653	267737	241236	214926	243968	279018	287448	255410
GlcCer 18:1;O2/20:0	GlcCer 18:1;O2/20:0	5683	9408	7173	6541	3946	3040	5456	4205	6142	5090
GlcCer 18:1;O2/22:0	GlcCer 18:1;O2/22:0	23011	23813	22807	14668	16627	15135	19217	29391	15240	17753
GlcCer 18:2;O2/22:0	GlcCer 18:2;O2/22:0	127136	104072	86798	94332	107341	91774	138567	125166	70637	107549
GlcCer 18:2;O2/23:0	GlcCer 18:2;O2/23:0	10642	6428	8296	10583	9730	7915	15739	10553	5523	9207
Glu-Gln	Glu-Gln	30993	29025	30890	58053	30697	27102	33359	26809	44728	36057
Glu-Gly	Glu-Gly	694	550	366	472	473	335	615	654	273	525
Glutamic acid	Glutamic acid	1433182	1397497	1423457	1399311	1481902	1586270	1554223	1455728	1365830	1386482
Glutamine	Glutamine	3458678	3375610	3378707	6717338	3668648	3260816	3894556	3195235	6249737	4095943
Gly-Arg	Gly-Arg	398	294	359	416	1320	343	645	628	315	651
Glycine	Glycine	11661761	11720615	11247971	11205556	12759191	10366465	14614667	11143358	8651979	12248626
Guanidoacetic acid	Guanidoacetic acid	3055	3209	3584	3327	4225	4789	6711	3837	3461	3510
Guanosine	Guanosine	2176149	2480337	2560395	1927199	2092357	2211223	2243798	2295435	2486879	2117499
Heme	Heme	135763	37426	90199	74327	162636	205811	102949	125555	84794	285236
Histamine	Histamine	7229	6852	6162	10691	7420	7349	8475	5789	10501	7329
Histidine	Histidine	74298	64651	84428	110451	210728	56355	112349	76350	75713	110760
Homoanserine	Homoanserine	26633	19722	23054	24691	27119	28390	42173	25886	21681	27547
Homoarginine	Homoarginine	18843	15750	16342	20415	16784	10536	15100	14107	14755	16213
Hydroxyproline	Hydroxyproline	16790	13706	15532	9221	16776	13034	21664	17187	9220	22708
Hypotaurine	Hypotaurine	8324	8138	8413	8091	9246	5945	14316	8343	11706	8245
Ile-Pro	Ile-Pro	5594	3196	6742	5166	10402	7303	14450	6594	4189	8802
Imidazolepropionic acid	Imidazolepropionic acid	4430	3655	3440	2840	4232	1014	1812	3450	5565	4360
Inosine	Inosine	7761940	8333016	8951458	7489911	7954443	7942475	9046412	8123868	8614317	8040554
Isoleucine	Isoleucine	53522007	41919744	52824781	48070420	68557679	48646001	62338608	55935619	47647928	61742799
Lauroyl diethanolamide	Lauroyl diethanolamide	28474	54069	69196	73489	63650	43708	50783	32281	55156	57260
Leucine	Leucine	83601283	65912048	77575096	79002772	101164053	77798085	99488077	87256643	65069653	91393385
Leu-Gly	Leu-Gly	1449	1005	1883	1415	1989	2272	3059	2240	1287	2534
Linoleoyl-EA	Linoleoyl-EA	37297	38609	27234	23737	24449	35614	25208	24167	19091	25263
LPC 14:0	LPC 14:0	14311	11037	11889	17050	14520	10690	13546	13026	14865	12904
LPC 15:0	LPC 15:0	3227	2124	2592	6752	3626	2420	3284	3099	5670	3146
LPC 16:0	LPC 16:0	3664328	3139770	3496257	3865385	3867669	3716344	4421310	3480872	3749000	3707311
LPC 16:1	LPC 16:1	66892	67764	66577	75881	76260	60832	70319	68200	83815	65571
LPC 17:0	LPC 17:0	12053	9046	9677	20392	12091	11839	14810	10909	17481	13160
LPC 18:0	LPC 18:0	651113	521408	590701	675785	731020	678480	772156	628223	668841	685814
LPC 18:1	LPC 18:1	558137	509699	507192	630621	556805	536513	616270	512203	600547	557971
LPC 18:2	LPC 18:2	27646	28220	27329	35643	28355	30836	38353	32137	38900	33610
LPC 20:0	LPC 20:0	12890	8425	7034	11207	11686	10284	18691	11415	7270	10956
LPC 20:1	LPC 20:1	34034	28063	26973	33348	29703	30909	41565	31699	33859	28610
LPC 20:4	LPC 20:4	357095	392346	368769	369842	406011	400677	439009	350412	366843	370172
LPC 22:0	LPC 22:0	13447	9540	10301	13907	13153	7631	14991	11392	8242	11620
LPC 22:4	LPC 22:4	17103	15323	15726	16831	17902	18501	22886	15437	16449	18365
LPC 22:6	LPC 22:6	270032	269820	245377	273738	288634	312068	367747	268298	255522	283473
LPC 24:0	LPC 24:0	15753	10501	10322	15487	14304	8500	14324	12296	9411	11276
LPC O-16:0	LPC O-16:0	7506	4961	7343	9341	7400	7464	10751	7271	7648	7911
LPC P-16:0 or LPC O-16:1	LPC P-16:0 or LPC O-16:1	670	935	463	1047	786	1683	1702	1020	1251	1085
LPC P-18:0 or LPC O-18:1	LPC P-18:0 or LPC O-18:1	3020	3153	2473	3978	2563	3028	3308	2614	3367	2680
LPE 16:0	LPE 16:0	256619	196347	226105	255277	299977	253676	312804	237391	269098	270685
LPE 16:1	LPE 16:1	2421	1966	2645	2764	2746	2386	2711	2222	3385	2531
LPE 17:0	LPE 17:0	3015	2381	2607	5032	4000	3662	3893	3015	5152	2349
LPE 18:0	LPE 18:0	1138728	994019	1072058	1088947	1437550	1370944	1675053	1102878	1120712	1318220
LPE 18:1	LPE 18:1	413762	357790	366812	403302	437763	431511	605759	404786	383522	458879
LPE 18:2	LPE 18:2	5961	4323	4883	6485	5274	5524	7446	6301	7733	7467
LPE 20:2	LPE 20:2	887	665	951	1014	1084	203	1756	511	1484	1038
LPE 20:4	LPE 20:4	860439	876695	925010	846720	1021631	926234	1161780	829532	812577	1020494
LPE 22:6	LPE 22:6	1586646	1588355	1639125	1639210	1757383	1743031	2098208	1653300	1519991	1874033
LPE P-18:0 or LPE O-18:1	LPE P-18:0 or LPE O-18:1	186084	154942	173478	191198	220696	214892	254640	187409	181549	196589
Lysine	Lysine	561631	555808	551544	605480	599998	444631	618355	629388	502117	751125
Methionine	Methionine	144321	140635	124764	206015	171125	116265	162108	183002	185421	140854
Methionine sulfoxide	Methionine sulfoxide	495	596	466	669	1203	404	526	656	784	359
Methylguanidine	Methylguanidine	214	294	315	209	402	268	247	268	269	223
Methylimidazoleacetic acid	Methylimidazoleacetic acid	16282	7826	11252	11100	12480	19786	41169	18293	7557	19567
Myo-inositol	Myo-inositol	989923	1098396	1136034	781236	1058460	1311130	1597413	1025992	750874	1170321
N1-Acetylspermidine	N1-Acetylspermidine	83158	79700	101228	75253	98215	91555	134022	106347	85630	144310
N1-Methyl-2-pyridone-5-carboxamide	N1-Methyl-2-pyridone-5-carboxamide	27804	22170	25155	33147	22079	14527	16440	28176	39605	36732
N2_N2-Dimethylguanosine	N2,N2-Dimethylguanosine	281873	342539	363332	321194	400824	246676	289195	302590	357009	332727
N4-Acetylcytidine	N4-Acetylcytidine	19929	22112	25504	28328	29581	9737	9462	16109	24423	20965
N(6)-Methyllysine	N(6)-Methyllysine	76216	47141	65224	62301	79551	43742	77185	70547	67277	83842
N(6)_N(6)-Dimethyl-lysine	N(6),N(6)-Dimethyl-lysine	44609	29433	40145	34580	47324	41615	55241	46191	33755	48214
N-6-Trimethyllysine	N-6-Trimethyllysine	444866	327836	403466	349707	397589	455856	578479	433393	337786	461639
N-Acetylalanine	N-Acetylalanine	2151	1868	2021	1850	2202	1878	1911	2167	1963	2096
N-Acetylarginine	N-Acetylarginine	89560	85421	88956	139107	93785	102428	107644	81032	139280	81722
N-Acetylaspartic acid	N-Acetylaspartic acid	11095932	10376118	11208729	11973896	10709130	10330632	13251303	10135697	10726272	12220016
N-Acetyl-D-galactosamine	N-Acetylgalactosamine	3228	3504	4024	2775	2665	3193	3669	3870	2895	3472
N-Acetyl-D-tryptophan	N-Acetyl-D-tryptophan	100	68	100	531	126	124	167	112	577	151
N-Acetylglutamic acid	N-Acetylglutamic acid	870762	800786	835344	976460	848476	855544	1124922	842108	970217	908150
N-Acetylglutamine	N-Acetylglutamine	13600	13597	13778	46934	15489	11655	14514	11952	35850	14352
N-Acetylglycine	N-Acetylglycine	3638	94866	90047	14578	24567	13169	9309	70496	21797	24635
N-Acetylhistidine	N-Acetylhistidine	175062	244275	223844	674308	266267	127530	196633	185750	356599	249524
N-Acetylisoputreanine	N-Acetylisoputreanine	21626	20067	20700	21845	19754	22142	25859	22315	22269	21106
N-Acetylleucine	N-Acetylleucine	874	3084	2068	2788	954	1167	1038	1453	2582	2018
N-Acetylmethionine	N-Acetylmethionine	26544	29014	38786	28507	31884	39678	38209	33566	25960	34640
N-Acetylornithine	N-Acetylornithine	17563	15365	17082	21417	23169	18188	20235	19265	20133	19280
N-Acetylputrescine	N-Acetylputrescine	597	568	662	561	647	617	732	705	638	654
Niacinamide	Niacinamide	17709485	16745696	17570149	17798983	18242505	17704052	20374482	17571821	16441608	18789723
N_N-Dicyclohexylamine	N,N-Dicyclohexylamine	8412	13404	6576	10217	8076	14146	8770	3063	5156	10717
N_N-dimethylhexadecylamine	N,N-Dimethylhexadecylamine	25529	56642	71599	70697	30977	37020	35789	28928	47712	44147
N-palmitoyl glutamine	NA-Glu 16:0	24369	19650	22540	54741	28288	28382	29275	25662	45626	30647
O-Ethylhomoserine	O-Ethylhomoserine	6722	7132	7980	9766	7382	8255	12134	7992	10095	10646
Oleoyl-EA	Oleoyl-EA	85858	78559	75774	70548	78342	75598	95675	73814	60641	80522
Ornithine	Ornithine	2698596	2148006	1780193	2320781	4965115	2284036	3513365	2644334	2610193	2171302
Palmitoleoyl-EA	Palmitoleoyl-EA	13383	19398	11023	11335	12187	13007	12160	12411	11729	13984
Palmitoyl-EA	Palmitoyl-EA	25947	17358	22807	26520	37010	24708	37458	24506	16837	32370
Pantothenic acid	Pantothenic acid	4507958	3896737	4036794	4722875	4773159	3770162	4317426	4151593	5817551	4878557
PC 28:0	PC 28:0	125095	78697	86249	166332	108600	48840	66707	94498	104122	88969
PC 30:0	PC 30:0	5930505	5043112	5272982	6959636	6282294	4008119	4293766	5434160	6502713	4996904
PC 30:1	PC 30:1	99158	83255	88679	111092	92733	66497	65349	89942	115549	87293
PC 31:0	PC 31:0	846746	750871	757589	1486463	962603	753619	814488	820358	1494297	851876
PC 31:1	PC 31:1	21964	17225	19412	53522	26650	13514	13945	17683	59702	18544
PC 32:0	PC 32:0	74860126	70514496	69509365	75317398	84941783	77662238	80848333	71297749	77328359	74718453
PC 32:2	PC 32:2	118174	109046	115583	133299	111486	80044	87474	112280	162898	110560
PC 33:0	PC 33:0	349337	333815	324423	556601	361910	363904	378119	343214	557523	360559
PC 33:1	PC 33:1	516190	441623	462634	813582	521352	446116	508304	506170	789333	520656
PC 33:2	PC 33:2	14533	15273	20181	28571	14858	13845	14343	15736	27249	14311
PC 34:1	PC 34:1	109839352	95537954	103353963	111997972	113140286	107835024	118821073	109468245	105030100	109580689
PC 34:2	PC 34:2	72465689	60551120	69083030	80398039	72053070	65372850	75874879	76910605	86887288	78555671
PC 34:4	PC 34:4	35660	30702	34784	41357	32645	27610	26044	33524	41193	32297
PC 35:2	PC 35:2	88092	87650	84983	140629	89900	73441	88001	88970	133371	91281
PC 36:4	PC 36:4	26144749	23761928	25377712	25800485	28005642	28138794	28111327	26702511	25895566	27137283
PC 36:5	PC 36:5	354913	366724	366678	365565	375102	321276	320857	352915	420511	367815
PC O-32:0	PC O-32:0	763944	760455	715611	756164	805681	758671	747573	694311	763484	726204
PC P-32:0 or PC O-32:1	PC P-32:0 or PC O-32:1	392503	356732	350269	407860	398556	355059	380643	356356	388061	351106
PC P-34:0 or PC O-34:1	PC P-34:0 or PC O-34:1	1948368	1660265	1767726	2008528	1949392	1608275	1933884	1798536	1815996	1806962
PC P-34:1 or PC O-34:2	PC P-34:1 or PC O-34:2	239857	207642	195345	252299	217457	200195	249855	220008	203946	208535
PC P-34:2 or PC O-34:3	PC P-34:2 or PC O-34:3	3076	3169	4636	5201	5147	4176	4848	4107	5742	4637
PC P-36:0 or PC O-36:1	PC P-36:0 or PC O-36:1	54727	47371	41292	55392	36198	21704	46559	43749	22639	36352
PC P-36:1 or PC O-36:2	PC P-36:1 or PC O-36:2	94868	84824	77424	113033	78870	69979	88494	83614	79453	80348
PC P-36:2 or PC O-36:3	PC P-36:2 or PC O-36:3	34139	31839	33906	48075	33813	35012	45268	32475	40362	33837
PC P-36:3 or PC O-36:4	PC P-36:3 or PC O-36:4	232002	185822	212818	233063	224504	214158	232580	208647	240455	217679
PC P-36:4 or PC O-36:5	PC P-36:4 or PC O-36:5	163430	137052	149182	170439	168688	180718	185720	151189	162624	157406
PC P-38:3 or PC O-38:4	PC P-38:3 or PC O-38:4	45564	34736	40547	43655	46722	42527	47686	38618	46046	39991
PC P-38:4 or PC O-38:5	PC P-38:4 or PC O-38:5	149789	120126	139204	166682	155152	159253	178388	142206	164377	144011
PC P-38:5 or PC O-38:6	PC P-38:5 or PC O-38:6	113420	96469	107424	123519	105011	104930	118064	98226	123287	108225
PC P-38:6 or PC O-38:7	PC P-38:6 or PC O-38:7	166645	125971	156168	174687	163839	182791	211971	157607	150774	171581
PE 32:1	PE 32:1	57246	62885	59936	63916	63514	52139	56224	59590	73323	60271
PE 34:1	PE 34:1	1532090	1537239	1473750	1534892	1563619	1461023	1578497	1561808	1700658	1499306
PE 34:2	PE 34:2	221347	194625	203781	241659	229567	203587	241121	227429	263506	234653
PE 36:2	PE 36:2	1492563	1373085	1317728	1454730	1473315	1366170	1557689	1474070	1432546	1444882
PE 36:3	PE 36:3	185982	167655	172566	205744	211540	185101	229006	208817	215485	220578
PE 36:4	PE 36:4	1445347	1222076	1282808	1420397	1592307	1548271	1506617	1458216	1400581	1482465
PE 37:4	PE 37:4	28085	21417	22893	44481	30348	28802	24654	25164	41317	27334
PE 38:4	PE 38:4	8174194	7369275	7623220	8025951	9142243	8518024	8331080	8305983	8431705	8345896
PE 38:6	PE 38:6	77026579	61478587	66001105	74946130	78652834	64403887	81484911	82245922	69003239	80128388
PE 40:6	PE 40:6	7998669	6763200	7289461	8017714	8225476	8438620	8904327	8371373	7248153	8407672
PE P-34:0 or PE O-34:1	PE P-34:0 or PE O-34:1	125312	162819	149065	141879	130921	114669	134020	130654	154505	126095
PE P-34:1 or PE O-34:2	PE P-34:1 or PE O-34:2	1043891	1006295	837269	932028	851718	829693	999187	981173	750631	871915
PE P-34:2 or PE O-34:3	PE P-34:2 or PE O-34:3	104380	95591	83027	106476	97413	80523	96797	102088	87726	92193
PE P-36:1 or PE O-36:2	PE P-36:1 or PE O-36:2	349389	373444	292630	316303	251257	276315	332164	345087	240801	283721
PE P-36:2 or PE O-36:3	PE P-36:2 or PE O-36:3	732372	668294	556089	701010	577118	619990	801564	709156	492285	617272
PE P-36:4 or PE O-36:5	PE P-36:4 or PE O-36:5	1513859	1286363	1371363	1424930	1586150	1417844	1418573	1475232	1386808	1505712
PE P-38:2 or PE O-38:3	PE P-38:2 or PE O-38:3	83472	86459	65391	77246	56970	59865	86325	77636	49190	67019
PE P-38:4 or PE O-38:5	PE P-38:4 or PE O-38:5	2823511	2620920	2658286	2624410	2913208	2885579	2936418	2864972	2776277	2792936
PE P-38:5 or PE O-38:6	PE P-38:5 or PE O-38:6	1761613	1493888	1565878	1631894	1775151	1788803	1969204	1753142	1696764	1722282
PE P-38:6 or PE O-38:7	PE P-38:6 or PE O-38:7	74085988	62666806	70831923	69602591	75867977	65640442	71104721	71688605	64714719	73362133
PE P-39:6 or PE O-39:7	PE P-39:6 or PE O-39:7	85496	68512	74878	99769	79713	83632	90525	84430	94502	79679
PE P-40:4 or PE O-40:5	PE P-40:4 or PE O-40:5	663911	668534	637764	589419	654355	700284	691161	672762	708604	646142
PE P-40:6 or PE O-40:7	PE P-40:6 or PE O-40:7	8382309	7468120	7792907	7763663	8335366	8633868	9131243	8263689	7888259	8139010
Phe-Leu	Phe-Leu	3708	1831	1749	1402	6265	1909	4460	1418	828	2166
Phenylalanine	Phenylalanine	80719560	82289563	90717936	131499361	84042084	74059371	86019185	90342923	100816110	88153935
Phenylalanine-d8 [iSTD]	Standard	130311748	131856141	129569123	127411039	121853197	127378889	125579094	136140789	133622486	126338372
Phosphoethanolamine	Phosphoethanolamine	486858	447282	487116	496992	521473	458359	592871	468127	505522	526247
Phytosphingosine	Phytosphingosine	26502	21008	27783	27803	48255	32473	35905	24926	28408	27359
Pipecolic acid	Pipecolic acid	9721	8720	8651	4785	9562	8961	11313	9762	5103	9909
Pro-Ala	Pro-Ala	10229	6951	10268	10237	13168	11445	12208	12528	9473	13133
Proline	Proline	715894	675834	691858	804626	845505	603523	734974	704476	708360	768773
Proline betaine	Proline betaine	119426	89838	124947	69534	128391	21954	43202	56519	67393	64363
Pro-Pro	Pro-Pro	18374	15946	18171	20650	21661	21221	20610	21798	19749	24233
Pro-Val	Pro-Val	1447	1011	1643	1427	2322	1975	4699	1762	1062	2153
Putrescine	Putrescine	21542	22187	24079	21931	23959	17854	24394	22437	26391	24667
Pyroglutamic acid	Pyroglutamic acid	2873	2778	2712	6448	3220	2570	3273	2637	5525	3278
S-Adenosylhomocysteine	S-Adenosylhomocysteine	13614	11242	11066	11046	11729	10042	11895	10510	14540	10847
S-Adenosylmethionine	S-Adenosylmethionine	219176	188920	216682	268562	267545	211453	295533	238199	221935	249720
Sarcosine	Sarcosine	89634	83828	91757	85436	87316	96709	97309	89815	80635	92280
Ser-Arg	Ser-Arg	2213	1501	2024	1662	3281	2112	3136	2324	1268	2783
Serine	Serine	34875	30925	34253	32975	41003	39958	44146	37711	30152	36727
Serotonin	Serotonin	22227	17214	22472	25146	23599	30352	35517	15623	23623	23522
SM 18:1;O2/14:0	SM 18:1;O2/14:0	9511	6018	7218	9814	11248	7814	9881	7343	8893	8142
SM 18:1;O2/15:0	SM 18:1;O2/15:0	33739	27088	26821	70834	59624	39496	71805	34392	75298	43620
SM 18:1;O2/16:0	SM 18:1;O2/16:0	653867	476144	543324	700549	907585	757446	989202	586516	832216	744952
SM 18:1;O2/16:1	SM 18:1;O2/16:1	30285	19900	26841	29305	42937	39902	54511	32321	31089	38445
SM 18:1;O2/17:0	SM 18:1;O2/17:0	39557	28458	33213	59918	53449	56213	62927	35097	73649	43958
SM 18:1;O2/18:0	SM 18:1;O2/18:0	10513433	9116179	10139998	11235765	12924887	13943125	14032398	9309873	14309327	11355557
SM 18:1;O2/18:1	SM 18:1;O2/18:1	3279252	2062539	3008850	2823180	4513451	4762588	5816955	3399058	3101576	4133650
SM 18:1;O2/19:0	SM 18:1;O2/19:0	5937	6803	6522	9838	7341	9471	9175	6015	13936	7010
SM 18:1;O2/19:1	SM 18:1;O2/19:1	159818	66214	108672	142859	199173	196879	320983	144361	108580	221505
SM 18:1;O2/20:0	SM 18:1;O2/20:0	141695	176335	154909	159974	149255	175302	171581	143619	194626	143990
SM 18:1;O2/20:1	SM 18:1;O2/20:1	86967	67803	76447	79475	130217	114677	165784	95053	77856	104227
SM 18:1;O2/22:0	SM 18:1;O2/22:0	31076	36588	28102	31782	30696	29223	35868	31437	42453	32686
SM 18:1;O2/22:1	SM 18:1;O2/22:1	67175	59916	43296	63429	87215	60189	113135	71901	52630	69976
SM 18:1;O2/22:2	SM 18:1;O2/22:2	94395	45966	45385	89450	105148	80290	146795	98655	74821	81197
sn-Glycero-3-phosphocholine	sn-Glycero-3-phosphocholine	4426408	3432423	7644805	2780300	6551904	13873822	20533385	7466128	4195206	9747031
Sphinganine	Sphinganine	262527	191601	190985	218375	304768	277111	295488	251841	256015	189525
Sphingosine	Sphingosine	1272985	909137	1066778	1155892	1442952	1311778	1655138	1277464	1057811	1226685
Symmetric dimethyl-arginine	Symmetric dimethylarginine	18456976	15564907	17897397	21880006	16693155	11735672	14471095	14256073	14064291	16079075
Targinine	Targinine	114908	99023	102691	128075	116175	94712	131346	115424	98781	116571
Taurine	Taurine	8970321	8281287	8714421	7577803	8922970	8505403	9332144	8590277	7465428	9008012
Tetradecylamine	Tetradecylamine	122008	132833	76048	70609	122235	91083	130973	85942	113821	148690
TG 46:2	TG 46:2	7018	5467	11718	6289	64108	3103	3555	1585	2846	15932
Thiamine	Thiamine	304225	276124	281800	270728	320792	287493	341822	305401	273801	335319
Threonine	Threonine	19264	18760	19616	21179	25711	26094	30128	23183	19602	22597
Thymidine	Thymidine	258204	176561	390941	324873	436363	208216	375854	224992	351706	478842
Tributylamine	Tributylamine	202543	354350	372746	365273	232707	289006	276332	233657	291843	275679
Tridecylamine	Tridecylamine	6255	12915	7829	6467	23401	7928	8058	8541	8642	8494
Triethanolamine	Triethanolamine	10982	26477	71478	76953	13686	35869	17099	11578	28156	16183
Trigonelline	Trigonelline	373759	346147	369744	173183	384370	89871	138653	292120	244712	245279
Trimethylamine N-oxide	Trimethylamine N-oxide	8395841	9161591	9314334	8153938	8747035	8625169	12581607	9968909	8715031	10147034
Tryptophan	Tryptophan	8889419	10668342	11488839	21830392	11491524	9808951	10769974	10024607	18884902	11129160
Tyramine	Tyramine	1455	1576	1607	1625	1669	1506	1623	1630	1585	1655
Tyr-Leu	Tyr-Leu	1305	787	1622	1091	2257	1555	4058	1471	806	2025
Tyr-Lys	Tyr-Lys	8980	7446	18153	7388	10347	13528	17238	9997	5813	14032
Tyrosine	Tyrosine	26592563	19026426	20712271	43603556	28683027	23556647	31783448	26171125	45900700	29178537
Urocanic acid	Urocanic acid	19537	43666	42063	38513	828326	19838	184153	25430	30042	59435
Val-Asp	Val-Asp	2698	1543	2084	3667	2447	2818	3200	2910	3328	2458
Valine	Valine	43043427	38439184	45030195	43645322	55129245	45829782	55338879	46720210	47681353	53405541
Valine-d8 [iSTD]	Standard	75586884	72846531	74308493	76847288	75158539	76516041	79188898	76309051	78900569	76298367
Xanthine	Xanthine	783090	776800	853291	696054	922268	770919	931954	856616	690568	750908
Xanthosine	Xanthosine	20327	23497	25743	21426	63924	21119	22108	20885	19906	24069		